2544
2662
2803
1829
2369
2778
2686
1508
1799
2487
2692
1915
2738
2242
2618
2176
2214
2086
2568
2628
1915
2674
2068
2612
2247
2233
2606
2772
2591
2662
2537
2131
1769
2005
2092
2504
1567
2824
2188
1767
2123
2772
2447
1866
2783
2427
2592
2869
2668
2782
1901
2243
2265
2502
2560
2743
2560
1774
2062
2243
2781
1959
2404
2592
2893
2456
1907
2549
1530
2295
1278
1717
2754
2550
1273
2663
2601
1378
1674
2124
2862
1921
1485
1344
2843
2643
2881
2188
1401
2777
2352
2629
2567
1254
2332
1739
2256
1379
2195
2098
2515
2565
2837
2629
2588
2723
1898
2245
2733
1940
2340
2571
1708
1648
1853
2325
2629
2171
1517
2541
1489
2121
2585
2301
2544
2527
2588
2368
2042
2514
1950
2937
1846
2662
2510
1251
2412
2232
2227
2660
2787
2802
2485
2867
2303
2719
1746
2673
2410
2659
2712
2870
2520
2387
2485
2376
2363
1999
2822
2113
2539
2161
2712
2875
1920
2613
2437
2809
2339
1510
1892
2196
2466
2579
2245
2720
2455
2549
1859
2499
2173
2522
2621
2861
1311
2850
1703
2109
2262
2733
2810
2587
2516
2569
2623
2744
2535
1720
2589
1771
1871
2711
2157
2528
2830
2261
2475
2259
2344
2573
2859
2607
1898
1855
2459
1336
2601
2350
2338
1568
1938
2876
2320
1530
2305
2160
2401
2646
2677
1862
2077
1900
1829
1502
2601
2552
2004
1638
2841
2549
2709
2705
2829
2440
2830
2190
1870
1878
2828
2775
2307
2103
2839
2787
1648
2329
2391
2614
1458
2103
2495
2606
2663
2606
2587
2775
2751
1800
2504
2593
2620
2817
2457
2661
1451
1800
2662
2774
2601
2521
2713
2364
2121
1868
2853
2185
2002
2344
2431
2385
2195
1906
2592
1264
2209
2533
1753
2473
2255
2042
2710
1638
1777
1789
2683
1942
2494
1713
2747
2859
2225
2371
2562
2131
2399
1262
2336
2507
1868
2389
2307
2542
2140
2886
2659
2048
2221
2758
2645
2574
2588
2555
2762
1841
2602
1721
1258
2449
2232
1846
2801
2034
2738
1302
1898
1583
1440
2751
1965
2200
1720
1251
2451
2110
2590
1606
1917
2789
2427
2525
1845
2631
2634
2392
2236
2732
2686
2254
1954
2743
2806
2107
2479
2285
2581
1374
1828
2618
1349
2090
1762
1352
2834
2784
2601
2564
2674
2371
1327
1554
2485
2430
2262
2677
1520
2594
2512
2882
1490
2682
1650
2886
2841
1262
2513
2725
2339
1699
2573
2443
2235
2497
2384
2299
2745
2883
2095
2122
2818
2267
2843
1467
2831
1467
2124
2675
1892
2613
2800
1665
1551
2853
1309
1280
1254
2139
2279
1649
2360
2559
1567
1251
2850
1745
2665
2829
1665
2240
2224
2823
2271
2761
2846
2775
1260
2335
2472
2305
2365
2884
2857
2736
2088
2845
2806
2675
2868
2817
1578
2237
2327
2524
2802
2385
1491
1271
2455
2070
1356
2459
2560
2027
2279
2770
2410
2610
2868
2223
2054
2826
2733
2248
1455
1935
2209
2123
2354
2863
2395
2584
2252
2519
2921
1493
2782
1808
2181
1765
2292
2343
2570
2791
2139
1510
2240
2840
2531
2845
2278
2206
2587
1745
2707
2844
1353
2541
2032
2592
1719
1992
2374
2460
2707
2736
2669
1634
2678
2320
2778
2070
2140
2027
2504
1876
2498
2531
2290
2282
2735
2850
2263
2674
1621
2556
2540
1974
2580
2130
2496
2269
2740
2371
2095
2251
1790
1791
1508
1485
1869
1625
2119
2837
2761
2240
2669
1565
2752
2452
2606
1573
1312
2417
2523
2178
2692
2219
2172
2785
2540
2045
2529
1663
1734
2601
2793
1592
2613
2751
2263
2685
2585
2140
1751
2526
2533
2471
1993
2637
2820
2450
1770
1809
2274
2246
2152
2521
2235
1523
2498
1250
2107
2399
2521
2727
1553
2675
2557
2277
2857
2807
2103
2678
2788
2058
2781
2774
1628
1656
2558
2501
1643
2441
2618
2732
1314
1701
2215
2601
2497
2248
2073
2586
2286
2843
1683
2759
1700
2574
2253
2831
2165
2588
2518
2234
2818
2462
2375
2327
2138
2708
2747
2533
2305
2589
2638
2847
1286
2235
1961
1765
2367
2754
2628
1915
2123
2717
1689
2714
2400
2614
2374
2686
2042
2183
2567
2819
2317
2351
2312
2003
2601
2351
2108
2771
2091
2645
2686
2915
2606
2189
2613
2236
1991
2839
2661
2259
2814
2743
1636
2865
1683
2861
2196
2670
2104
2844
2592
2389
2246
2299
2434
1901
2838
2662
2469
2455
2454
2139
2644
2650
2477
2223
1796
2860
1293
2535
2568
1721
2069
1286
1461
1775
2469
2385
2247
2783
2056
2644
1642
2531
2594
1948
2007
2866
1722
1743
2529
2667
2255
2812
2803
2650
2602
1920
2180
2802
2518
2717
2460
2882
2187
2043
2194
1717
2799
2545
2473
2357
2373
1647
2696
2776
1512
1966
2372
1592
1939
2498
2679
1863
2821
1783
2188
2585
2445
2588
2564
2433
2424
2664
1901
1320
2587
2312
2441
2793
2721
2047
2441
2646
2249
2776
1957
1622
2147
2579
2240
1587
2811
2438
2440
2565
2762
2939
2818
2247
2181
1591
1275
1812
2214
1683
2130
1690
2180
2698
2662
2841
2542
2349
2233
1517
2543
1651
2554
2378
2681
2355
2733
2686
1510
2270
2626
1548
2712
2703
2460
2816
2557
2358
1769
2124
2348
2295
1820
2393
2802
2864
2660
1257
1894
1677
2526
2193
2577
2606
2538
2516
2944
2034
2436
2418
2181
2293
1816
2271
2619
2610
2077
1859
2284
1509
1997
2319
2381
2548
1970
2601
2388
2001
1790
2536
2046
1710
2735
2610
2506
2122
2465
2283
2481
2704
2105
2227
2265
1615
1706
2625
2703
2455
2602
2752
2692
2086
2240
2797
1738
2105
2500
2570
2826
2441
2396
2601
1692
2757
1359
2611
2690
1302
2175
2813
2821
2726
2675
2577
2802
1470
2588
2546
2306
2390
2542
2783
2516
2549
2758
2242
2734
2489
2593
1756
2177
2626
2414
1505
2102
2740
2311
2244
2391
1338
2799
2271
2290
2760
2287
1698
2293
2499
2075
2556
2730
2726
2679
2749
2496
2219
1707
2841
2633
2081
2025
1257
2812
2157
2661
2432
2572
2231
2295
2548
1492
1989
1802
2504
2555
2355
2690
1497
2740
2273
2261
2620
2522
1763
2805
2579
1915
1801
1327
2719
2587
1894
2541
2870
1892
1468
2850
2277
2231
2445
2495
2823
1847
2582
1779
2704
2149
1434
2825
2521
2773
2383
1622
2062
1861
2659
2742
1810
1997
2429
2248
2241
2719
1281
2370
1866
2613
2777
2796
1287
2513
2662
2635
1813
1683
2268
2410
1662
2126
2289
2273
2586
2423
2262
2003
2674
2496
2620
2277
1643
2710
2745
2081
1870
2500
1981
2383
2800
1252
2492
2689
2357
2865
2580
2714
1808
1714
2117
1771
2507
1878
2874
1795
1864
2522
2284
2871
2428
2746
2098
2834
1578
1638
2677
2097
2762
2456
2247
2515
2311
2612
2617
1726
1776
2682
1504
1552
2495
2368
2144
2231
2612
2263
2511
2658
1988
2744
2809
2528
2745
2260
2460
2486
2758
2546
2355
2677
1826
2452
2189
2445
2454
2638
1267
1660
2322
2153
2806
2100
2083
2638
2594
2812
1577
2565
2078
1764
2796
2677
2077
2284
2062
2543
2087
2697
2499
2695
2277
2659
1981
2411
1612
2222
2657
2769
2511
2554
1759
2783
2237
1536
2132
1709
2174
2224
2610
2677
1482
2552
1815
2745
2226
2821
2223
1620
1625
2821
2094
2549
2189
2770
2363
1891
1788
2228
2810
1511
2903
2380
2448
2753
2716
2507
1915
2145
2692
1435
2770
2362
2041
2481
2383
1934
2777
2668
1362
2553
2375
1705
2154
2687
1524
1683
2439
2747
2534
2542
2685
2593
2524
2720
1531
2251
1825
2786
1665
2311
2589
1257
2497
1908
2721
2806
2673
2369
2146
2215
2145
1596
2785
2586
1433
2525
2467
2613
2733
1515
2561
2812
2486
1700
1599
2311
2535
2737
2721
1258
2774
2705
2646
2090
2147
2263
2851
2623
2341
1263
2643
2469
2298
2874
2742
2542
1562
2467
1343
2126
2624
2138
2442
1763
2525
1898
2730
2880
2162
1741
2516
1470
2776
2721
2461
2664
2362
2559
2365
2571
2481
2238
2447
2427
2313
2809
2470
2250
2510
2404
2558
2633
2727
2019
2582
1385
2676
2823
2721
2557
2587
1419
1869
2786
2245
2578
1499
1431
2869
2084
2352
1455
1901
2204
1462
2627
2558
2431
2295
2589
2453
2869
1867
1528
1700
2343
1630
1755
1949
2558
2322
2572
1561
1994
1290
2425
2166
2673
2433
2605
1462
1980
2704
1542
1729
2521
1581
2458
2850
1412
2370
2171
2804
2423
2152
1806
1520
2524
2341
1993
2807
2266
2080
1491
1791
2080
2610
1852
2804
2391
2399
2692
2313
2521
2809
2089
1673
1809
2400
2627
2338
2435
2811
2780
1802
2379
2285
1979
2355
2683
2142
1936
2587
2350
2840
2663
1765
2280
2009
2845
1778
2122
2901
2207
2408
2305
2840
2558
2334
2389
2089
2798
1312
2828
2818
2634
1894
2451
2807
2271
2833
1751
2511
2637
2088
1631
2676
2751
1742
2873
2360
2541
2613
2007
2454
2837
1708
2466
2362
1578
2740
2660
1746
2568
2297
2609
2721
2356
2733
2754
2127
2235
1855
1670
1898
2593
1997
1843
2842
2154
1864
2633
2149
2737
2519
2085
2084
1490
2532
2132
2195
1708
2493
2222
1743
1757
2556
2213
1741
2753
2422
2132
2413
2665
2699
1298
2376
2238
2849
2759
2774
2189
2242
2040
2237
2611
2582
2160
2457
1848
2079
2753
2734
2190
2390
1746
2057
2524
2238
2581
2808
2701
1777
2707
2936
2665
1367
2158
2279
2858
2687
2199
2124
2625
1291
2552
2735
2530
2840
2236
2669
2476
2215
1940
2543
1848
2250
2611
2627
2584
2132
1851
2786
2718
2835
2241
2264
2214
2709
1640
2764
2525
1845
1776
2871
2355
1597
2682
2292
1849
2158
2608
1985
2303
2721
2541
2228
2165
2456
2479
2521
2030
2460
1985
2853
2043
2850
1279
2588
2137
2543
1314
1764
1320
2867
2435
2154
2552
2619
2128
2698
2760
2781
2360
2734
2301
1577
2673
2567
2172
2515
1677
2074
1962
2625
2158
2084
2681
1299
1559
2105
2843
2611
2696
1549
2233
2854
2501
2315
2315
1569
2738
2753
2819
1605
2884
2368
2606
2558
1762
1716
2817
2549
2827
1736
2777
2440
2175
1341
2825
2530
2548
2607
2663
2825
2433
2386
2481
2418
1807
2281
1740
2192
2610
2302
2638
2041
2244
2573
2602
2223
2784
2573
2531
2326
2645
2773
1678
2055
2483
2733
2880
2654
2746
1831
2817
2856
2375
2672
2012
2526
2845
1799
2593
1566
2521
2750
2794
2181
1516
2755
2170
2495
2818
2697
2740
2742
2064
2383
2601
2480
2219
1900
2443
2459
2248
1914
1553
2233
2750
2525
2294
2496
1466
2376
2070
2836
2339
2319
1994
1667
2441
2817
2618
2601
1384
1257
2776
2239
2717
2447
1601
2193
2620
2769
1803
2435
1434
2779
2089
2572
2395
2503
1540
2673
2298
2886
2001
1827
1709
2172
2005
1825
2882
1893
1373
2886
1901
1419
2697
1267
2004
2788
2525
2560
2123
1514
1914
1320
2915
2565
2099
2828
2691
2900
2359
1330
1554
2520
2247
1401
2833
2158
2246
1794
2096
2383
2594
2445
2433
2248
1534
2797
2479
2696
2810
2595
2450
1859
2663
1915
1616
2788
1761
2768
2248
1327
2075
2677
2779
2287
2256
1999
2755
2623
2147
1551
2559
1895
2661
2210
2453
2532
1985
2127
1810
2223
2264
2365
1580
2584
1685
2539
1429
1908
2681
1677
2459
1391
2230
2769
1731
1707
2829
2404
2332
2848
2138
1575
1893
2370
2857
2834
2659
2357
1494
2834
1720
2790
2780
2131
1925
2538
2431
1567
2457
2148
2670
2705
2620
2488
2048
2934
1858
1874
2644
1266
2886
2287
2042
2286
2773
2560
2307
2414
2675
2689
2203
2609
2178
1936
1665
2746
2006
2762
1478
2188
2096
2863
2452
2161
1521
1277
2396
2628
2829
2699
2356
2711
2828
2560
2233
2335
2758
2614
2013
2903
2494
1818
2294
2690
2253
1556
2195
2231
2274
2375
1921
2861
2409
2383
2933
1477
2564
1306
2318
2849
2761
2872
2549
2692
2742
2733
2152
2005
2703
2352
2778
2310
1317
2734
1897
1697
2784
1443
2102
1754
2486
2544
2047
2787
1779
2025
2793
2802
1374
2418
2143
2676
2541
1400
1334
2335
2856
1745
2320
2562
2592
2630
2468
2877
2840
1825
2119
2861
1418
2756
2613
1582
2456
2453
2803
2867
2918
2725
2752
2424
2226
2627
2336
1904
2218
2262
1286
2643
1672
2880
2414
1614
2141
2482
2818
2787
2620
2530
1949
2812
1964
2439
2500
2435
2589
1598
2390
2372
2633
2779
1701
2754
2748
2439
2312
2801
2334
2718
1676
2176
2192
2364
2236
2840
2194
2467
1904
2315
2447
2263
1836
2377
2627
1370
2378
1485
2382
2454
2813
2856
2321
2366
1557
2539
2110
2391
2582
2720
2810
2473
2476
2701
2525
2254
2842
2601
2542
2525
2542
2744
1483
2428
2169
2869
1846
2272
1360
2624
2532
1510
2859
2746
2245
2377
2406
2250
2284
2816
2601
1383
1462
2661
2113
1894
2535
1891
2326
2591
2227
2761
2579
2604
1854
1652
1932
2784
2022
1707
2610
2864
2674
2809
2528
2261
2570
2760
1690
2865
2621
2485
2478
2076
2454
2057
2728
1801
2459
2744
2473
2366
1809
2584
2374
1543
2612
1716
2394
1633
1570
2231
2754
2834
2284
2385
2615
1252
1374
1577
2733
2260
2433
2247
2626
2148
2470
2399
1615
2866
2098
2814
2587
2388
2552
2663
2707
1914
2193
2285
2793
2588
2792
1483
2768
2453
2306
2445
2069
1462
2619
1313
2832
2796
2574
1763
1701
2089
2460
2733
2142
2635
2438
2210
2775
2528
2374
1599
2230
2771
2410
1917
2249
1942
2708
1923
2550
1663
2752
2808
2143
1826
2540
2556
2188
2100
2266
1855
2544
2707
2252
2840
2500
2594
1520
2503
2076
2216
2264
2151
2308
2742
2444
2237
1921
2098
2845
2676
1643
2822
2698
2506
2801
1300
2705
2659
1777
2781
1875
2535
2589
2096
2510
2541
2831
1437
2097
2120
2373
2634
2455
2673
2432
2078
2369
2245
2409
2796
1408
2177
2837
2602
2308
2261
2749
1838
2298
2602
2733
2690
2019
1865
2612
2323
1330
2316
2497
2334
1862
2550
2359
2422
2833
2752
2612
1267
2165
2123
2627
2245
2373
2738
2317
2146
2248
2751
1767
2509
2583
2627
1759
1408
2267
2281
2446
2014
2541
2107
2618
1717
2436
2381
1517
2768
2223
2216
1999
2564
1992
2742
2202
2082
2621
1651
2391
2226
2876
2626
2697
2432
2858
1898
2691
2529
2837
2580
1537
2644
2538
2241
1716
2384
2760
2187
2550
2466
1484
1366
1844
2775
2747
1453
2832
1685
2300
2010
2240
2463
2526
2115
2456
2680
2637
1510
1729
1921
2790
1733
1692
2804
2496
2779
1949
2652
2328
2274
2508
2293
2432
2675
1952
2460
2755
2488
2116
1260
2158
1646
2038
2513
2545
1505
2307
2453
2601
2678
2785
2537
1472
2857
2426
1838
2568
2370
2244
2590
2457
2879
2862
2183
1491
2819
2860
1455
2099
2851
2610
1388
2052
2787
2705
2726
1338
1865
1476
1571
1288
1653
2495
2843
2480
2002
2477
2539
2352
2609
1687
2618
2403
1678
2692
2226
2426
2711
2046
1431
1447
2084
2812
2881
2615
1695
1285
2343
2368
2796
2231
2444
1704
2760
2410
2234
2616
2631
2009
1259
2613
2753
2231
2771
2815
2361
1983
1582
1340
1865
1740
2360
2516
2810
1942
1294
1295
2118
1517
2525
1609
2479
1505
2661
2356
1904
1201
2636
2058
2400
2222
2592
2392
2842
1732
2090
2849
2863
2328
2645
2361
2538
2395
2248
2592
2637
2643
1637
2226
2740
2148
1504
2721
2794
2501
2503
2560
2922
2140
2607
2293
2601
1676
2256
2619
2877
2720
2632
1658
2368
2745
1761
2734
2393
2134
2119
2676
2586
2073
1727
2584
2394
2251
2082
2007
2365
2149
1744
2358
1632
2621
2725
2113
2669
1847
2274
1409
1916
2873
2405
2835
1489
2746
1651
2764
2397
1309
2565
2256
2222
2549
2770
2755
2512
1490
1489
1878
2532
2254
2368
1584
2725
2412
1504
2853
1373
2363
2256
1806
2820
2141
2690
1635
2235
2451
2368
2269
2383
2076
2308
2349
2003
2622
1605
1433
2867
2819
2317
1569
2744
2005
1991
2085
2164
2111
1780
2521
1637
2255
1811
2065
2000
2806
1944
2227
2128
2529
1512
2420
2907
1373
2493
2158
1974
2877
1360
2239
1408
2317
2247
2315
2250
2624
2272
1651
2151
2091
1269
2605
2454
2132
2659
1314
1307
2761
2143
1252
2273
1593
2862
2354
2666
2601
2055
2634
2836
2280
1332
2295
2706
1770
2542
2850
1487
2932
2172
2637
2830
2630
2698
2888
2543
2758
1967
1729
2301
2267
2425
2586
1497
1505
2450
1305
2539
2445
1700
2498
2075
2621
1893
2822
2106
2189
1914
2237
2767
2565
1852
2425
2683
2586
2237
2331
2732
1494
2848
2432
1904
2414
1985
2435
1618
2111
2523
2495
2790
2361
2205
2531
2700
2815
2717
2330
1698
2254
2592
2734
2677
2543
2593
2611
2417
2590
2609
2090
1987
1671
2441
2606
1792
2438
2611
2496
1488
1379
2839
1843
2686
2248
2739
1430
2610
1259
1894
2558
2837
2633
2072
2565
2375
1407
2031
2425
2441
2918
1273
2035
1505
1693
2230
1781
2839
2520
2028
2103
2494
2832
2588
1783
2601
2635
2727
2318
2851
1929
1725
2819
2131
2873
2432
1342
2450
2288
2790
2116
2236
1578
2831
2642
2540
1301
1262
2573
2873
1690
2507
1471
2840
2386
2389
2098
2859
2054
2546
1692
1584
1788
1492
2443
2248
2047
2395
2745
2662
2256
2004
1372
2729
2718
2507
2579
2230
2108
2615
2107
2085
2466
2719
2103
1650
2849
2634
2795
2878
2835
2347
1271
2247
2391
2088
2414
2612
2518
2191
2480
2732
2883
1923
2538
2323
2642
1342
2440
2227
2414
1642
2254
2432
1498
2560
2340
2632
2687
2767
2707
2410
2621
2420
2558
2725
2585
2408
2219
2087
2464
2675
1511
2091
2820
1916
2314
2153
2231
1702
2105
2151
2286
2583
2734
2740
1310
1585
1689
2715
1658
2403
2242
2663
2460
2292
1283
1859
2566
2044
2073
2842
2686
1970
2525
2601
1984
2820
2717
2133
2240
2637
2658
2682
1490
1280
2407
2525
2272
2819
2582
2616
2527
2064
2483
2733
2262
2802
2553
2733
1779
2435
2529
2430
2236
2740
2308
1684
1505
2800
2494
2816
2895
2140
2836
2626
2458
2613
2302
2738
2525
1268
2738
2767
2611
2365
2439
2764
1288
2690
2388
2785
2253
2426
2522
1754
1491
1642
2884
2427
2893
1500
2389
1561
2625
2312
2575
2239
2609
2883
2692
1517
1334
2522
1946
2759
2248
2166
2662
2749
2574
1537
2385
2843
2478
1871
2119
2632
1846
1476
1318
2785
2310
1876
1578
2733
2452
2592
2422
2576
1761
2403
2142
2606
2737
1879
1947
1866
1936
2663
2355
2479
2154
2307
2362
2562
2726
1820
2690
1498
1622
2278
1278
1841
1939
1331
2538
1509
1768
2455
2782
2708
1799
2741
1966
2076
2342
1824
1957
2340
2822
2498
2222
2019
1806
1339
2791
2319
2054
2506
2801
2562
1701
2310
2803
2881
2603
1701
2642
2709
2027
1516
1781
2010
2832
2678
2762
2601
2795
2342
1568
2750
2242
2695
1337
2752
2281
2849
2774
2238
2301
2091
2847
2619
2016
2853
2845
2098
2293
1974
2378
2501
2368
1364
1434
2733
1517
2325
2297
2495
2221
1291
2593
1681
2324
1502
2804
2267
2305
2373
1901
2312
2784
2518
2232
2118
2225
2742
2672
1726
2868
2421
1761
2247
2877
2733
1336
1261
1797
2740
2041
2227
1978
2882
2143
2602
2509
2305
2869
1651
2874
2074
2277
1991
2832
2749
2619
2859
2516
2646
2253
1730
2875
2353
2677
1776
2682
2666
2825
1693
2786
2738
2428
2235
1457
2678
2747
2631
2503
1860
2601
2589
2562
2557
2625
1429
2273
2601
2578
2528
2761
1859
2395
1409
2664
2665
1869
2116
2818
2609
2274
2410
2455
2280
1469
2839
2705
2632
2084
2605
2601
2504
2069
2522
1499
2858
2422
2428
2733
1697
2646
1419
2311
2423
2578
2742
2390
2829
2810
2521
1698
2226
2410
2578
2693
1772
2817
2355
2085
2882
2263
2413
2617
2026
2189
2159
2101
2532
2072
2202
1638
1306
2723
2512
2878
2925
2795
2522
1748
2503
2295
2627
2462
1865
2595
2382
2216
2661
2811
2802
1594
1364
2524
1311
1707
2488
2127
2542
1520
2881
2480
2750
2191
2693
2840
1515
2164
2824
2082
2102
2611
1904
2856
2723
2795
1328
1669
2601
1898
2560
2475
1800
2511
2659
2690
2647
2408
2004
2319
2569
2745
2716
2139
2847
2601
2235
2525
2715
2867
2397
1938
2575
2738
2605
2279
2811
2820
1306
2784
1970
2683
2243
1461
2631
2723
2305
2320
2601
2877
2843
2592
1596
2095
2831
2274
2008
2560
2068
1763
1728
2130
2119
2127
1775
2634
1621
2733
2097
2747
2277
2236
2733
2541
2783
1747
2167
1985
2788
2229
2076
2778
2715
1490
2325
2556
1292
1496
2313
1445
2409
2242
2397
2808
2745
2254
2836
2698
2075
1583
2170
1346
2740
2678
2706
1954
2501
2741
2063
2148
1390
2286
1659
2220
1789
1818
2420
2464
2734
2427
2221
2817
2790
1273
2366
1778
2546
2399
1969
2293
2522
2306
2249
1838
2111
2290
1948
2546
2784
2837
2471
2274
2130
2785
1528
2623
1587
2789
1571
2252
2441
2782
2579
2110
2521
1750
2772
1292
2425
2188
1489
1602
2696
2642
2618
2229
2318
1817
2405
2553
2368
2686
2737
2269
2254
2158
2358
2929
2601
2714
2435
2216
1451
2782
2664
2368
2666
2388
1667
1674
2775
2334
2771
2529
2116
2880
1753
2087
2431
1515
2291
2246
2447
1867
2625
2814
2686
2738
2714
2160
2720
2733
2601
2894
1560
1372
2240
2161
1625
2461
2582
2495
2272
2523
2208
2677
2247
2514
1810
2099
2634
2536
2919
1962
2728
2886
2441
2065
2820
2627
2831
2573
2792
2237
2566
2809
2317
2638
2830
2215
2181
2509
2831
2497
2882
1337
1815
1869
2029
2037
1877
2298
2152
2465
2541
2561
2635
1438
2481
1901
1673
2543
2667
2794
1765
2753
2319
2815
2613
2363
1504
2668
1732
2788
2360
2362
2793
2573
1319
2030
2145
1536
2666
1879
2210
1599
1996
2745
2224
2024
1276
2062
1981
2758
2677
1742
2525
1682
2519
2846
2298
2527
2116
1686
2807
1510
1669
2088
2823
2725
2670
2414
1936
1517
2240
2842
2753
1295
2681
2529
2826
2237
2229
2059
1417
2768
2660
2411
2310
2096
2341
2108
2540
2464
2168
2508
2218
2248
2439
2373
2026
1891
2557
2771
1916
2634
2575
2045
2638
2738
1907
2632
2634
1914
2921
2144
1786
2097
2727
1273
2643
2111
2860
2098
2553
2546
1490
2364
1867
2748
1478
2005
2498
2329
2543
2564
2802
2874
2103
2789
2412
2372
2247
2772
2302
1950
1865
2725
2290
2917
2013
2185
2475
2570
2523
2939
2613
2738
2476
2795
2794
2740
1536
2466
2090
2224
1703
2126
2614
2405
2495
1977
2550
2839
2117
2601
1398
2579
2712
2365
2371
2635
2664
2663
2388
1583
2558
2783
2590
2683
2808
2404
2231
2609
2433
2431
2772
2455
1577
2523
2260
2745
2663
2670
1248
1866
1320
2633
2280
2385
2586
2072
2938
2731
2065
1989
2832
2357
2771
2231
2840
2396
1486
2826
2917
2563
2900
2612
2739
2606
2663
2137
2183
2611
1568
2515
2501
2881
1313
2590
2659
2453
2679
2543
2505
2286
1798
2768
2521
1482
1401
1894
1619
2521
2527
2536
2678
2537
2749
2605
1813
2381
2399
2250
1873
2828
2493
2272
2768
2300
2811
1753
2775
2435
2629
2666
2714
2245
2164
2126
2585
1817
1776
2085
2850
2561
2251
2498
2354
1332
1915
2417
2248
1832
2218
2606
2539
2822
2836
2531
2859
1307
2610
2431
2079
2801
2351
2610
2707
1992
2179
1631
2456
2799
2522
2463
2552
2861
1953
1263
1411
2735
2739
1744
2002
2643
2344
2232
1875
2296
1759
2359
2461
1950
1271
2076
2606
2216
2737
2766
2364
2716
2580
2848
2757
2752
1893
2295
2769
2740
2005
2663
1765
2800
2076
2236
2544
2837
2192
1612
2627
2325
1701
2873
2085
2746
2605
2707
2237
2582
2601
2848
2456
1839
2503
1265
1252
2707
1340
2522
1908
2669
2662
2036
2271
2609
2613
1758
2525
2446
2795
1306
2203
2090
2509
2792
2570
2509
1904
1512
2456
2805
2192
2316
1868
1652
2759
1464
2800
1719
2544
1921
2428
2271
2375
2529
2419
2756
2881
2914
2115
1678
2448
1638
2528
2461
2739
2643
2689
2732
2178
1659
1796
2842
2399
2364
2674
1641
1258
2664
2420
2336
2263
2886
2321
1987
2332
2249
2842
2784
2484
1644
2872
2529
2719
1863
2460
2192
2733
2491
2590
2250
2355
2759
2750
2445
2569
2370
2410
2565
2324
2554
1716
2291
2508
1999
1704
1957
2473
2752
2225
1676
1891
2697
2862
2361
2388
1518
2753
2850
2126
2393
1687
1842
2431
1307
1478
2784
1893
2661
2868
1451
2358
1846
2511
2613
2246
2396
2445
2673
2586
1558
2858
1719
1854
2540
2442
2798
1542
2672
1517
2442
1687
1450
2425
2268
2759
2697
2638
2648
1496
2343
2642
2569
2479
1749
2850
1431
1468
2371
2034
2783
2362
2469
2361
1518
2697
2128
2465
2576
2409
1648
1660
2082
2098
1661
2496
2472
2602
2050
2273
1939
2795
1495
1756
2836
2802
2007
2234
2031
1879
2369
1518
2840
1866
2612
1642
1964
2210
2446
2224
1866
2071
1915
2819
1731
2160
2664
2696
2642
2050
2388
2387
2042
1519
2306
2601
2405
2586
1802
1707
1414
2343
1294
2615
2061
1521
2797
1968
2587
2306
2221
1939
2823
2676
2631
2775
1452
2434
2786
2321
1922
2358
2822
2514
2553
2381
2234
1802
1636
2444
2840
1322
2371
2774
2179
2809
2755
1975
2648
2605
2440
2268
2674
2852
2759
2462
2631
2534
2355
2764
2105
1755
2250
2687
2730
2538
2302
1914
2369
1870
2419
1485
2741
1497
2678
2713
2795
1471
2840
2111
2768
2488
1512
2843
2745
2179
2088
1604
2245
2798
2473
2718
2171
2735
1345
1867
2574
2254
1307
1565
2854
2832
2386
2239
2719
2744
2358
2704
1623
2539
2003
2099
2331
2787
2729
2087
2203
2270
2284
1592
1938
2704
1495
1385
2079
2344
2753
2134
1266
1516
2358
2865
2767
2748
2814
2785
2238
2823
2783
2040
2759
1708
1330
2196
2431
2460
2705
2838
2586
2367
2318
2696
2230
2711
2844
2741
1361
2578
1441
2779
2846
2503
2808
2745
2326
2634
2203
2873
1259
2783
1861
2297
2286
2212
2676
2613
2267
2851
2254
1736
2538
2739
2535
2424
2617
1989
2428
1433
2184
2661
2054
2242
1962
2627
2058
2663
1993
2397
2813
2781
2260
2749
2237
1511
2832
2216
2585
2601
2772
2804
2489
1590
2611
2595
2795
1723
2856
2591
2020
1413
1725
1703
2796
2701
2321
1385
2306
2385
2906
2410
2452
1854
1984
2256
1324
2268
2169
1738
2304
2661
1566
1806
1777
2623
2021
2672
1681
2300
1907
2699
2425
2397
2841
2504
2686
2134
2322
1729
2113
1971
2090
2425
2253
1276
2465
1980
1517
1869
2032
2672
2745
1346
2823
2284
2762
2733
1870
2712
2732
2585
1861
1777
1653
2070
2743
2625
2718
1485
2173
1871
2587
2877
2776
2004
2030
1957
1773
2468
1254
2749
2454
1765
2591
2367
2266
1904
1654
2921
2816
2349
2742
2187
1637
2091
2552
1650
2231
2752
2384
2742
2522
1703
2618
2580
2794
2298
2287
2140
1815
1861
1813
2001
2705
2481
1947
2472
2545
2374
2299
2612
2073
2811
1439
1848
1771
2842
2790
2336
2450
1862
2160
2688
2754
2675
1566
2719
2389
2447
1753
1936
1517
2231
2294
2135
1692
2550
2093
2579
2288
1701
2166
2494
2474
1439
2282
2774
2128
2482
2220
1730
2546
1525
2669
2288
2357
2581
1697
2581
2565
1721
2546
1965
2019
1941
1715
1904
2865
1636
2453
2417
2816
2085
1596
2524
2669
2358
2299
2427
2699
1530
2223
2682
2382
2313
2530
2083
2752
2049
2165
2024
2623
1795
2432
2376
2611
2238
2525
2083
2634
1822
2617
2548
1713
2517
1705
2359
2546
2775
2766
1981
2554
2844
2458
2231
1749
2479
2588
2214
1727
2117
2307
2586
2316
2049
2432
2842
2572
2318
2339
2831
2470
2457
1790
2582
2608
1894
2079
2355
2454
2002
2054
2288
1404
2503
1803
1265
2784
1925
2531
1385
2257
2327
1907
2659
2638
2570
2108
2506
2584
1696
1408
1863
2107
2154
1900
2408
1368
2095
2116
2607
2533
2643
2460
2608
2843
1666
2825
2468
2592
2160
2677
1733
2574
2001
2382
2815
2755
2421
1439
2294
2593
2405
1344
2285
1598
1291
1859
2070
1755
2672
2383
2607
2307
2877
2715
2530
2058
2761
2783
2553
2669
2526
2503
2573
2455
2383
1937
2690
2643
1647
1805
2810
1740
2607
2695
1940
1590
2827
2528
2088
1662
2434
1257
1371
1848
2090
2740
1595
1891
2531
2225
2368
2603
1286
2253
1422
2789
2660
2638
2086
1666
2369
2539
2234
2582
2651
1683
2858
1506
2475
1994
1848
2553
2878
2749
2739
2269
2720
2579
2664
2335
2820
2547
2267
2690
2160
1794
2039
2830
1654
2690
2844
2658
2040
2384
1667
2531
2705
2461
1938
2116
1992
1824
1894
2023
2696
2360
2352
1418
2508
2801
2630
1268
2852
2870
1254
2261
2869
1334
2408
1877
2578
2846
2369
1645
1955
1627
1619
2779
2675
2247
2189
2754
2618
2515
2566
2849
2527
1275
2519
2319
2172
2788
2356
1907
1389
2183
2505
2564
1942
2552
2082
2301
1752
1565
1813
2853
2689
1860
1286
1715
2618
1711
2637
2753
2740
2388
1897
1765
2912
2219
2604
2071
1770
1777
2564
1825
2262
2026
2319
2399
2381
2248
2753
2621
2548
2735
2095
1747
2617
1776
2744
2836
1791
2605
1276
2662
2342
2780
2350
2819
2780
2431
1305
2399
2520
2877
2246
1604
2816
1305
2579
2839
1733
2437
2866
2817
1253
2470
2588
2638
2244
2096
2643
2534
2810
2691
2524
2138
2264
1503
2781
2251
2485
2515
2097
2779
1767
1852
2853
2758
2468
2794
2642
2752
2145
2167
2470
1914
2688
2849
2370
2069
2820
2769
2524
2818
2715
1253
2543
2050
2643
1914
2215
2861
2522
2154
2263
2475
2718
2083
2540
2376
2243
1271
2231
2570
2615
2376
2787
2029
1734
1918
1474
1646
1733
1528
2342
2732
2675
2303
1894
1280
2501
2585
2421
2092
1634
2028
2350
2685
1705
2601
2205
2025
2604
2315
2030
2250
2606
1638
2783
2149
1659
2630
2263
2868
2199
2854
1945
2631
2577
2727
2825
1279
2867
2830
2233
2758
2591
2482
2469
1855
2345
2539
1299
2795
2528
2242
2227
2662
1282
2602
2290
2292
2810
1730
1651
2404
2459
2372
2696
2158
2741
2645
2156
1265
2389
2029
2879
2204
1508
2479
1973
2670
2466
2491
2743
2422
2799
2427
1665
2211
2082
2630
1769
2914
2677
2612
2431
2175
2594
2269
2679
2426
2675
2467
2465
2770
2480
2590
1600
2371
2608
2376
2362
1785
1892
1729
2528
2669
2701
2478
1478
1894
1934
2410
2360
1904
2133
2762
2376
2648
2080
2834
2515
2164
2714
2853
2461
2388
2832
2424
2071
2669
2706
2825
1581
2539
1291
2638
2026
2802
1939
2242
2547
2205
2555
2372
1855
1614
2486
1436
2395
2432
2647
2407
2504
2108
2135
2549
1304
2363
1587
2342
2344
1628
2407
2918
2356
2883
1537
1708
2560
2636
2451
1606
2484
2775
2121
2768
2792
1554
2638
2729
2356
1936
1825
2836
2816
2744
2285
1432
2885
2386
2721
1587
2733
1715
1957
2711
1631
2259
1928
2748
2662
2149
2224
2585
2741
2447
1942
2298
2686
2543
1923
2521
2130
1319
2152
2699
2004
2745
1687
1623
2102
1394
2759
2861
2294
1519
1870
2585
2660
2319
2589
2875
1565
2328
2367
1683
2664
2616
2852
1657
2123
1297
2573
2867
1857
2560
2581
2382
2835
2526
2643
2614
2590
2825
2706
1590
2524
1980
2568
2704
2595
2605
2679
2609
2360
1477
2128
2750
1700
1936
2638
2709
2101
2305
2785
2743
2215
2267
2836
1853
1281
2556
1761
2634
2716
2174
2439
2779
1987
2263
2806
2116
2450
2878
2395
1928
2621
2796
2586
1916
2839
2844
2433
2683
2516
2430
2546
2644
2659
2606
2815
2091
2168
2757
2701
2740
2452
2618
2220
2549
1933
2553
1785
1323
2768
1723
2836
1601
1587
2619
2305
2614
2667
2676
2838
2456
2532
1675
2194
2476
2341
1494
2366
2426
1941
2465
2127
2418
1676
2586
2803
1451
2817
1514
2672
2793
1892
2460
2467
2866
2768
2570
2700
2852
1291
2567
1644
2443
1491
2128
1810
2749
2082
2077
2238
2806
2244
2159
2008
2158
2864
1858
2167
2880
2248
1731
1656
2146
2198
2698
2662
2021
2719
1330
1868
2647
2550
2440
1703
2623
2696
2486
1635
2431
2511
2000
2739
2805
1777
2307
2667
2660
2831
1324
2886
2896
2128
2169
2659
2349
2187
2565
2744
2559
2601
2828
2677
2782
2292
2811
2693
2235
2608
1831
1483
2674
2288
2070
2850
2052
2782
1772
2265
2832
2511
2771
2377
2027
2481
2831
2069
2049
2418
2710
2772
2393
1769
1516
2216
1914
1986
2690
2500
2780
2572
2395
2085
2750
2837
2239
1566
2880
2557
2253
2608
2141
1715
2422
2538
2732
2223
2706
2531
1374
2664
2488
2691
2687
1872
1623
1814
1785
2864
1644
2585
2664
2850
2695
2919
2765
2410
2562
2037
2796
2752
2259
2289
2140
2223
1295
1724
2424
2755
2185
2675
2802
2637
2728
2406
2843
2481
2595
2434
2075
2454
2825
2788
2368
2866
2321
1811
2714
1314
2831
2234
2636
2368
1927
2455
1796
1478
2379
2785
2817
1648
2379
1842
2476
2623
2727
2324
2273
2699
1654
2161
2017
2753
1254
2328
2437
2848
2808
2242
1286
2768
2524
2583
1468
2081
2291
2278
1809
2454
2188
2576
1894
2369
2298
2550
2878
1826
2235
2421
2720
2613
2841
2159
2374
1674
2292
2156
1750
2222
2725
2418
2714
1789
1426
1838
2077
2812
2727
1906
1695
2554
2777
2375
2556
2322
2580
2615
2923
1854
2228
2634
2540
2566
2166
2623
1756
2264
2575
2510
2532
2362
1878
2659
1480
2459
1259
1658
1431
2744
1540
2001
2790
2734
2368
1629
2502
2346
2392
1331
2680
2475
2820
2514
2147
1817
2615
2036
2442
2776
2612
2414
2384
2861
2015
2610
2411
2201
1484
1292
2032
2827
2451
2854
2697
2774
2727
2801
2418
2756
2529
2612
2577
2601
2565
1568
2386
1356
2279
1707
2279
2879
2866
2139
2165
2114
1942
2162
2752
2335
2334
2585
1893
2002
2601
2362
2338
2567
2634
2580
2238
2586
2765
2529
2637
2631
2268
1852
2349
2834
2844
2841
2883
2548
2005
2766
2110
1516
2379
2156
2706
2632
1652
2050
2005
2659
2770
2822
1714
2633
2277
1415
1580
2365
2342
1953
2285
2816
2723
2537
2593
1812
2553
2433
2280
2778
2307
2237
2079
1839
2307
2819
2098
1384
2852
2459
1518
2232
2421
2638
2879
2406
2749
2400
2468
2253
1747
2574
2099
1841
2574
2877
2780
2848
1766
2803
2417
2894
2234
2777
1688
2365
2768
2646
2601
2482
2859
2847
2864
2843
2730
2365
2635
1342
2588
2395
2131
2786
1586
1306
2801
2602
2521
2457
1647
2776
2761
2255
2602
1648
2606
2594
2752
1946
2452
1289
2713
2023
1654
2531
2773
2502
2365
2268
1578
1832
2784
2788
2537
1128
1751
2698
2842
2613
1411
1276
2858
2588
1769
2269
2637
2831
1921
2329
2223
2609
2286
2372
2383
1587
1991
2664
2770
1977
2293
2383
1677
2587
2272
1715
2618
1508
2150
1659
1279
2517
2161
1643
2753
1271
1320
2648
2868
2760
1777
2540
2609
2726
2769
2922
2231
2806
1602
1534
2292
2580
2086
2385
2679
2503
1449
2554
2461
2273
1669
2808
2237
2452
2394
2472
2614
2016
2270
2586
1716
2317
2355
2306
1322
2741
2765
2826
2802
2629
2356
2383
2508
1285
2456
1646
2714
2781
2231
2191
2726
2584
1638
2472
1562
2483
2261
2472
2291
2303
2479
2715
2246
2749
2160
2882
2858
2353
2258
1302
2578
2625
1670
2833
2583
2301
2489
2248
2587
2324
2794
2243
2569
2633
2664
1253
2329
2431
2018
2678
2843
2553
1501
2503
2772
2875
2306
2183
2755
2613
1487
2510
2663
2397
2363
2454
2368
2540
2741
2866
2828
1769
2824
2432
2538
2510
1422
2802
2381
1258
2541
1496
2187
2610
2245
2810
2611
2499
2366
2332
2706
2512
2822
2355
1334
1550
1609
1313
2565
2047
1528
2422
1784
2288
2773
2549
2487
2546
2003
1697
2842
2745
2256
1566
2430
2572
2355
2238
2446
2209
2679
2359
2363
1358
2539
2246
2417
2543
1301
1274
1993
2329
2089
2586
1981
2554
1948
2003
1622
2084
2851
1298
1325
2567
2453
2654
2683
1772
2159
1879
2797
1255
2361
2405
1866
1757
2247
2178
2252
2308
2762
2148
2092
2119
2385
2611
2072
2054
2089
2225
2845
2445
2672
2845
2209
1891
2131
2048
2672
2325
2443
2065
2368
2744
2638
2226
2666
1294
2043
1494
2816
1479
2554
2274
2434
2844
1730
1510
2158
1293
2753
1894
1769
2277
2084
2367
1700
2770
1300
1927
2201
1813
2677
2400
2582
2889
2622
1384
1926
2509
2684
2540
2826
2662
2011
1758
2251
2798
2607
1816
2296
2589
2193
2246
2089
2848
2253
2439
2272
2663
1670
2297
1761
2310
2061
2417
2648
2790
2370
2746
1645
2723
1922
2362
2244
2063
2523
2752
2621
2863
1318
2300
2606
2140
1849
1860
2328
1295
2244
1706
1710
2286
2039
2102
2770
2411
2810
1951
2259
1942
1726
2011
2494
2001
2177
1765
1922
2126
2473
2666
1939
2299
2408
2076
2519
2082
2246
2556
2590
2269
2308
1949
1872
2865
1774
1528
2321
1355
2635
2299
2460
2298
2375
2559
2845
2247
2268
2046
2627
2793
2732
2660
1610
1743
2179
1900
2856
2219
2235
2729
2523
2864
2803
2836
2816
2852
2864
1892
1495
2712
2464
1942
1776
1704
1804
1782
2355
1831
2882
1769
2851
2595
2856
2208
2610
1608
1458
2269
2869
1557
2246
2825
2793
2104
2791
2303
2840
1749
2601
2297
2153
2546
1351
2250
2469
2377
1621
2351
2607
2424
2005
2067
2147
2760
1874
2789
2035
2175
2795
2172
2737
1341
2228
1749
2389
1251
2550
2718
2858
2141
2850
2817
1794
2621
2563
2061
2341
2760
2509
2012
1891
1315
2720
1580
1301
2340
2088
2474
1273
2247
1866
2613
2036
2771
2243
2604
1898
1553
2688
1798
2389
2269
2739
1583
2410
2531
2248
1725
2404
1658
2555
2155
2227
2766
2789
2896
2875
2433
2312
2013
2814
2809
1948
2843
2363
2381
2246
2557
2584
2837
2410
2146
2176
2567
2209
2882
2089
1419
2424
2319
2388
1746
1571
2546
2133
1611
2767
2332
2725
1727
2767
2240
2135
1627
2516
2579
1818
2005
2368
2620
2854
2875
2622
2851
2497
1741
1282
2188
2567
2432
2512
2230
1411
2142
2666
2751
2149
2417
1897
2590
1399
2199
2880
2825
2306
2746
2842
2799
2606
1510
2374
2229
2320
2809
2683
1269
1737
2847
2837
1567
2358
2740
1898
1734
1298
2833
2146
1686
2297
2097
2371
2291
2861
2441
2269
2455
2079
2055
2659
2501
2221
2381
2619
2429
1857
2438
2206
2710
2669
2512
2638
2843
1955
2722
2834
2384
2885
2243
2362
2451
2795
2547
2601
2181
2277
1255
2553
2611
2254
1658
2929
2237
1337
2541
2677
2285
2516
2113
2109
2432
2791
1917
2328
1747
2503
2686
2353
1398
2511
2091
2436
2589
1927
2537
2405
2456
2629
2291
2342
2691
1517
1449
1287
2432
2014
1678
1822
1976
2780
2790
1518
2745
2555
2811
2718
1601
1581
2468
2525
1915
2797
2732
1463
2481
2769
1901
2601
2045
1918
1773
2525
2881
2107
2815
2619
1978
2646
2300
2404
2166
2882
1335
2438
2796
2611
2239
2372
2454
2674
2428
2491
1693
2202
2530
2167
1294
2572
2667
1477
2601
2669
2212
2168
2580
2225
1817
2772
1252
2137
1272
2353
2572
2847
2481
2858
1500
2263
2368
1644
2048
2383
1686
2662
2750
1623
2687
2754
2542
2388
2475
2622
2805
2263
2474
1324
1676
2538
1931
2678
2820
2479
2502
2615
2288
2277
2630
2517
2765
1900
2328
2084
1938
2226
2579
2039
2867
2443
2362
1904
2164
2427
2218
1756
2100
1466
2564
2586
2777
2054
2025
2736
2364
2769
2108
2389
2537
2809
2565
2428
2382
1776
2718
1622
2620
1788
2345
2421
2669
2188
1656
2831
1543
2715
2456
2560
2585
2788
2746
2824
1907
2281
2721
2752
1455
2769
1942
2035
2601
2226
1556
2263
2664
2826
1935
2742
2370
2086
2076
2836
2612
1516
2743
2430
2794
2632
2373
2586
1586
2660
2306
2402
2218
2614
1638
1617
2861
2760
2500
2549
2845
1512
2542
2882
2238
2239
2611
1586
2545
2625
2526
2064
2633
2631
2735
2835
2592
2723
2404
2410
1465
1894
2466
2153
2333
2870
2377
2683
2747
2491
2449
2408
1517
2054
2528
2836
1921
2406
2714
1257
1596
1753
2214
2457
2103
1919
2665
1573
2338
1867
1944
1288
2664
2659
1514
1774
2540
2432
2412
2548
2062
2513
2233
2624
2846
2109
2582
2770
2477
2664
2163
2841
2358
2854
2577
2610
2675
2845
2434
2836
2451
2628
2371
2319
1781
2615
2751
2501
2069
2672
2723
2748
2733
2097
2406
2046
1716
2249
1585
2610
2328
2780
2737
1258
1892
2187
2734
2420
1562
2571
2354
2427
2060
2772
1517
1433
2161
2807
2095
1707
2686
1285
2368
2787
1876
2569
2356
2229
1705
1287
2494
2569
2580
2794
1759
1530
2605
1896
1914
2454
2468
2544
1766
2537
1489
2342
2821
1307
2810
2181
2739
2848
2872
1665
1352
2335
1740
2677
1762
2515
2111
2768
2216
2898
2576
2451
1924
1713
1426
2479
2769
1384
2406
2683
1709
2451
2614
1841
2298
1457
2261
2113
2104
1331
2881
1687
2236
2437
1875
2229
1780
2453
1449
1790
1976
2117
2486
2267
1350
2244
2356
2451
2746
2216
1845
1906
1846
2090
2266
2402
1471
2226
2344
2614
2809
2021
2647
2589
2098
2812
1619
2836
2319
1281
2322
2611
2115
2862
2560
2447
1851
2464
2878
1492
1497
2617
1776
2893
2560
2090
1579
2497
2578
2748
1776
2028
1770
2815
2603
2099
2757
2619
2472
2613
2875
2618
1743
1959
1893
2751
1930
2809
1323
2601
2769
2242
2787
2462
2402
2661
2481
2256
1539
1915
2368
2564
2382
2857
2903
2553
2646
2613
2419
2459
1687
2732
2873
2852
2437
2569
2762
2733
1815
2405
1662
2053
2734
2675
2571
2310
2496
2607
2613
2705
2670
2230
1856
2263
1853
2122
2356
2487
2143
2830
2338
2818
2773
2363
2326
2069
2566
2000
2299
1685
2811
2751
2821
2541
2521
1956
1711
2494
2208
2384
2623
2412
1768
1270
2268
2690
1935
1517
1641
2138
2218
2081
2008
1732
2452
2565
1474
2106
1967
2258
2718
2145
2489
2396
1262
2791
2684
2718
1289
1406
1768
2298
1516
1700
2675
1949
2628
2057
2223
1707
2609
2682
2150
2608
2675
2147
1742
2464
2607
1579
2031
2338
2212
1343
2604
2536
2774
1984
2794
2109
2339
2608
2818
2861
1590
1435
1969
1382
2659
2543
1965
1407
2686
2591
2663
2743
1504
2713
1750
1749
2138
2605
2737
2305
1622
2388
2068
1572
2349
1827
2427
2231
1755
2853
1487
2842
2167
1574
2332
2147
2103
2734
1527
2586
2696
2141
2287
2007
2382
2378
2259
1897
2845
2078
2362
1316
2738
2159
2292
2368
2083
2295
2082
1953
2253
2183
2745
2759
1418
1701
2591
2876
2751
2306
2541
1363
1447
2252
2526
2733
2324
1771
2365
1535
2428
2117
2830
2665
2637
2325
1714
2673
1331
2403
2695
1536
2521
2396
1428
2013
2615
2712
2576
2771
2179
2668
1927
2680
2786
2458
1850
1994
2782
2203
2573
2386
1519
1457
2165
2488
2518
2070
1803
2713
2674
2669
1536
1285
1790
2804
2747
1300
2611
1667
1719
2478
2844
2788
2261
2424
2166
2161
1923
2507
2278
2759
2495
2766
2441
1612
2057
2816
2407
2000
2824
2567
2086
1675
2789
2159
2807
2040
2606
2241
2635
2356
2678
2860
2549
2519
2318
2161
1288
2307
2451
2225
2728
2127
2113
2715
2227
2817
1924
2760
2303
2517
1780
1769
2520
1587
2313
2341
2482
2482
2840
2638
1739
1594
1444
2747
2849
1992
2692
2682
1310
2664
2356
2364
2698
2299
2530
2571
1875
2691
2736
2566
1512
2508
2727
2736
2853
2699
2406
2579
2523
2572
2031
2874
2765
2242
2483
1991
2727
2025
2630
2488
2223
2556
2124
1510
2880
2682
2552
2768
2247
2072
1761
1867
2611
2258
2856
2644
1999
2523
2781
2375
2757
1594
2449
2729
2735
2863
2099
2601
2774
1644
2884
2558
1622
2356
2547
2032
2191
2800
2865
1475
2822
2452
2352
2476
2833
2770
2397
2618
2247
2266
2925
2666
2706
1808
2294
2325
2196
2529
1812
1487
2011
2922
1297
1855
2696
2554
2501
2793
2535
2492
2762
2071
2775
1333
2414
2396
2564
2266
1709
2601
2613
2232
2338
2836
2669
2375
2602
2747
2720
2826
2899
1756
1775
1775
2155
2658
2739
2853
2755
2114
2733
2801
1369
2741
2645
2242
2362
2425
1457
2603
2738
2448
2284
2615
2512
1975
2693
1852
1497
2592
1275
2159
1779
2185
2505
2846
2775
2302
1859
2733
2777
2676
1850
2224
2817
1522
2451
1558
1707
2286
1518
2302
1297
2619
2451
2747
2467
1784
2663
2945
2647
2632
2601
1865
2136
1419
2753
1925
1904
1949
2832
1550
2733
2717
2453
2113
2678
1872
2809
2717
2818
2090
2539
2601
2411
2016
1734
2662
1740
1602
2445
2558
2120
2066
2097
2440
2282
2503
2452
2670
2488
2258
2580
2759
2535
2070
2430
2735
1904
2002
2343
2601
1986
2781
2741
2197
1771
2148
1517
2721
2642
1753
2025
2700
2179
2895
2523
2789
2608
2707
2778
2647
1635
1300
2880
1904
2777
1511
2306
2701
2101
2659
2092
1561
2235
2417
1274
2730
2448
2191
2509
2690
2748
2735
1394
2802
2583
2774
2347
2379
2668
2697
2158
2780
2325
2381
2347
1665
1775
2753
1983
2525
2665
2529
2645
1657
1501
2278
2479
1748
1499
1282
2505
2251
2265
1740
2863
1785
2374
2850
2428
2690
2613
2681
2084
2247
2174
2363
2620
2502
2361
2419
2289
2095
2166
2104
2367
2446
2592
1998
1957
1688
2050
2834
2810
2085
2583
1511
2536
2644
2812
2612
1812
2740
2810
2460
2086
2713
2332
2307
2339
2271
2076
2042
2738
2760
1938
1344
2758
2824
1500
1314
1625
1633
2726
1864
2454
2670
2842
1667
2189
2152
2151
1876
2392
2631
2794
2434
2086
2552
2270
2293
1709
1298
1558
2594
2151
1281
2076
2467
2363
2266
2613
2499
2706
2825
2860
2062
2064
2479
1776
2303
2532
2322
2259
2282
2733
2355
2460
2608
2274
2014
2501
2789
2886
2286
2818
1806
2601
2719
1931
2182
1416
1302
2539
2150
2843
2417
2029
1868
2626
2725
1898
1906
1855
2621
2624
2658
2886
2568
2086
2761
2873
2514
2719
2439
1627
1699
2601
2781
1949
1792
2189
2797
2725
2620
1433
1823
2758
2241
2453
1925
1377
2270
1515
2642
2685
1679
2832
2849
2557
2264
2510
2452
1646
1377
2750
1826
1259
2333
2757
2287
2099
2237
2565
1435
1789
2470
2647
1991
2549
1739
1957
2858
2372
2119
2558
1688
2697
1526
2530
1844
2745
2439
2589
2747
2722
2097
1729
2843
2766
2712
2422
2326
2454
2205
2350
2881
2690
2210
2868
2363
2659
2113
2244
2434
2830
2225
2759
2532
1920
2504
1937
1520
2581
2882
2706
2776
2804
2538
2231
1445
2486
1897
2263
2476
2174
1683
2482
1481
2615
2431
2526
2676
2161
1751
2858
2509
2802
1878
1496
1732
2355
2307
2693
2356
2440
2805
1684
2076
1390
2356
2758
2560
1543
2558
1793
2754
2613
2539
2109
1466
2158
2535
1540
2733
2668
2741
2233
1996
2435
1512
2426
2627
2669
2204
1979
1284
1437
2474
2616
2114
2632
2724
1863
2318
2291
2433
1273
2460
1433
2536
2726
1327
1467
2626
2503
2469
2814
2822
2118
2053
1614
2683
2499
1323
1301
1327
2915
2405
2817
1579
1313
2506
2530
1765
2620
2825
1799
1246
2779
2356
2147
1764
2381
2689
2738
2691
2601
2572
2079
2181
2298
2684
2614
2825
2263
1932
2602
2584
2255
2093
2060
2439
1904
2680
2391
1575
2601
1493
1724
1727
2190
1692
2582
2631
1901
2839
2611
2689
1891
1988
2595
2287
2575
1295
2637
2076
2733
1258
2086
2328
2871
2235
1657
2856
1852
2767
1399
2233
2251
2418
1251
2188
1678
2662
2618
2042
2848
2160
2054
2234
2098
1272
2679
2369
2643
2508
2718
1261
2474
2043
2480
1505
2712
2354
2507
2032
2567
2457
1258
2860
2844
2754
2860
2555
2251
2861
2678
2728
1310
1670
2770
1991
2452
2648
2754
2680
2087
1360
2648
2374
1669
2389
2565
2733
1745
1877
1806
2759
1736
2233
2042
2153
2326
2098
2451
2079
2225
1967
1638
2168
2453
1427
2611
2103
2749
2669
2659
2661
2091
1641
1643
2368
2140
2224
2845
1893
2351
2684
2361
2750
2412
2841
2456
2643
2510
2592
2830
2431
2018
1723
2287
2874
2335
1771
2075
2631
2016
1990
2733
2431
1892
2357
2240
1941
2389
1386
2522
2592
1560
2840
2796
2919
1816
2464
1998
2607
2755
2715
2713
2104
2246
2689
2841
2076
1412
1578
2368
1723
2101
2361
1725
1719
2475
2362
1840
2391
2677
2611
2622
2508
2081
2718
2406
2708
2540
2306
1334
2084
1261
2873
2626
2891
1422
2661
1306
1499
2875
2098
2611
2433
1664
2421
2087
2528
1615
2345
2601
2843
2439
2503
2586
1633
2628
1949
1313
2637
2637
2690
2565
2166
2297
1807
2675
2683
2868
2158
2704
2160
1284
2344
2293
2814
2390
2302
2048
1796
2797
2443
1991
2633
2584
2553
1775
2744
2509
2725
1350
1934
1865
1485
2674
2228
2832
1542
1582
2126
2525
2836
1714
1948
2247
2324
2609
2754
2261
2754
1757
2318
2632
2835
2573
2274
1761
2087
1551
1873
2851
2102
1758
2601
1976
2258
2567
2643
2439
2659
2792
2777
1857
2480
2914
2376
2617
2236
2081
1983
2436
2719
2516
2593
2248
2485
2312
2759
2663
2831
2784
2453
2827
1323
2742
2716
1641
1538
2204
1323
2439
2153
2063
1906
2824
2127
2867
2540
2611
2112
2601
2292
1681
2332
2371
2255
2378
2734
1859
2662
1392
2861
1503
2680
2579
2644
2739
2607
2385
2026
1712
2355
2256
2267
2347
2431
1776
2363
2828
2672
2369
2445
2090
2047
2820
2021
2566
2613
1442
2499
2900
2574
2483
2470
2216
1810
2833
1407
2646
1526
2850
2614
1696
2714
2459
1258
1595
2152
2047
2870
2804
2362
2733
2430
2371
1504
2876
2820
2306
2612
2103
1292
2697
2749
2341
2219
2160
2747
2788
2169
1641
2628
2265
2872
1287
2676
1869
2798
2864
2357
1997
2517
2361
2259
2160
2363
2012
2601
2159
1869
1785
2116
1294
1325
2768
1892
1751
2070
1502
2703
2428
2429
1763
2362
2289
2775
2550
2536
2838
1518
2876
2735
2869
1806
1702
2144
1863
2628
2247
2770
2767
2860
2612
2273
2769
1659
2576
2140
2567
1871
2045
2862
2241
1567
2546
2446
1257
2508
2256
1754
2720
2741
1872
2617
2261
2223
2163
2364
2118
2301
2543
2864
2558
2679
2285
2462
2162
1726
2311
2564
2636
2608
2177
2704
2136
2614
2635
2780
2466
1502
2256
2049
1855
2449
2272
2601
2089
2843
2287
2690
2612
2764
2336
2834
2663
1492
2048
2263
2814
2251
1646
2120
1372
2438
2738
2101
2740
1361
2222
2316
2740
2417
2559
2150
2677
2850
1319
2286
2405
2593
2418
2849
2247
2367
2811
1555
1435
2069
2522
1955
2624
2508
2809
2733
2785
2094
1496
2250
2361
1274
2393
2171
2872
1879
2744
2216
2177
2271
2847
2588
2560
2558
2073
1404
2587
1702
1973
2158
2093
2123
2751
2741
2035
2617
2628
1311
2587
1688
2141
2116
1973
2083
1637
2730
2140
1895
2669
1702
1365
2691
2743
1897
2602
2254
2742
1635
2669
2564
2660
1783
2243
2508
2228
2308
2381
2732
2233
2390
1757
1808
2034
2759
1823
2487
2719
2286
2794
2447
2761
2237
2268
2390
1476
2217
2672
2090
2728
2573
2294
2520
2794
2382
2231
2580
2487
2113
2863
2830
2313
1982
2870
1519
2934
2263
2129
1445
2774
2607
2299
1703
2222
2735
1950
2348
1721
2733
2593
2368
1746
2291
1922
2646
2843
2809
2284
2420
2679
2613
1857
2284
1792
2873
2382
1873
2097
2606
1944
2577
2512
2223
2549
2607
2850
1517
2568
2425
2491
1931
1498
2806
2738
1720
2635
1547
2271
1692
2605
2424
2082
1339
1352
2227
2662
2712
2371
2558
2808
1277
2583
2819
2521
1611
2677
2805
2767
2757
2845
1849
2686
2185
2070
2255
2780
2071
2697
1308
2334
2117
2418
2602
2762
2676
2476
2629
2244
2555
2213
2284
2846
2414
2389
2606
2452
2246
2611
2415
2662
2369
2563
2617
2310
2747
2863
2179
2628
2743
1457
1502
2331
2083
1495
1410
1579
2179
2742
2613
2661
1940
2147
2405
2257
2434
1566
2510
2627
2394
2064
2811
2084
2121
2429
2587
1590
2439
1629
2014
1950
2856
2070
2411
2246
2638
2611
2206
2664
1988
2460
2716
2453
2131
2180
2132
2666
2428
2512
2085
2116
2338
1698
2548
2591
2850
2406
2721
2506
2745
1997
1743
2812
2021
1838
2745
2744
1809
2818
2759
2502
2434
1876
2733
1770
2845
2794
2051
2369
2272
2615
1328
2835
1266
2862
2601
2741
1448
2449
2613
2194
2460
2768
2528
2248
2558
1815
1907
2181
2365
2182
1942
2623
2882
2511
2060
2762
2794
2826
2733
2111
2199
2241
1679
2829
2793
1326
1676
2946
1707
2618
2263
1682
2611
1662
2818
1764
1901
2372
1306
2240
2045
2613
1691
2789
2469
2395
2314
2548
2417
1801
2796
2792
2274
2520
2325
2349
2363
1791
2162
1460
2081
1490
2509
2552
2191
2816
2481
2800
2265
1754
1623
2813
2795
2783
2356
2523
1293
1950
1860
2745
2793
2902
1935
2508
2167
1851
2843
2277
2561
2746
2425
1490
2246
2681
2178
2944
2773
2250
2253
1611
2644
2247
1768
2328
2055
1816
2727
2085
2865
1257
2417
1901
2675
1293
2530
2298
2035
2190
2324
1744
2190
2732
2579
2614
1261
2624
1528
2828
2771
1894
1346
2312
1539
1572
2734
1854
2374
2474
2536
1287
2098
1701
2355
2524
1463
2880
2833
1892
2425
2302
2771
2486
2536
1298
2776
2479
1648
2377
2261
2777
2397
2567
2239
2227
2802
1787
2055
1757
2382
2586
2643
2625
2659
2349
2722
2096
2775
2539
2682
1795
2237
2457
2604
2754
1703
2726
2131
2390
2519
2607
2833
1439
2683
2411
2228
2661
2607
2229
2870
2558
2820
2543
2504
1992
2558
1461
2738
2693
2481
2452
2192
2144
2863
1916
1330
1550
2771
2877
2676
1906
2611
2374
2620
1935
2828
2608
1512
1770
2463
2258
2707
1369
2085
2325
2300
2794
1772
2893
2707
2162
1711
2601
2285
2602
1365
2089
2750
2594
2610
2663
2589
1284
2776
2396
2315
2853
2251
2388
1708
2560
2020
2538
2418
2878
2669
1856
1504
2069
2662
2847
1709
2875
2531
2438
2613
1273
2580
2431
2518
2796
2043
2384
2001
2062
2097
1398
2558
2230
2220
1138
2677
2782
2419
2140
2774
2683
2683
2764
2730
2571
1662
2743
1487
2486
1407
2609
1774
2403
2110
2132
1471
2825
1523
2037
2423
2419
1521
2317
1894
2377
1992
2845
2588
2021
2790
2585
2350
2369
2262
2744
2449
2035
2795
2593
1963
2637
2221
2271
2456
1656
2815
2633
2462
2453
2216
2876
2658
2374
2845
2854
1652
2090
1617
2593
2838
2480
2528
2242
2627
2617
2873
1553
2068
2663
2086
2167
2675
2420
2628
2207
2857
2736
2772
2874
2536
1606
1703
2432
2412
2255
2726
2365
1392
1445
2180
2788
2690
2395
2298
2771
2525
2540
2012
1875
2417
2872
2714
2843
1763
2626
2331
2735
2515
2676
2229
2752
2517
2734
2195
2012
1863
2417
2623
2188
2517
2247
2102
2699
2533
1965
2478
2307
2637
2524
1328
1874
2228
2132
2506
2715
1637
1259
1638
2713
2389
2739
2242
2113
1677
2302
1938
1979
2049
2774
2439
2751
2148
2134
2027
2508
2790
1915
2664
2461
2101
2416
2740
2805
2621
2107
2643
2669
2302
1551
2375
2760
1522
2611
2086
2087
2611
1779
2740
2622
2550
1695
1894
1566
2612
2585
1998
2676
2741
2500
2584
2263
1963
2854
2837
2563
1892
2789
2145
2183
1335
2788
2774
2805
2582
2751
2631
2610
1567
2590
1250
2436
2238
1836
2102
1462
2065
2645
2248
1549
2363
2769
2082
2381
2899
2134
2470
2564
1770
2809
1840
2257
2859
1421
2775
2618
2183
1755
2554
2583
2714
2683
2682
2530
2853
1392
2414
2041
2289
1927
1768
2233
2371
2087
1893
2676
1967
2661
1648
2751
2742
2811
2373
2751
2525
1992
2527
2350
2397
2237
2106
2357
2273
2753
2266
2566
2097
2757
2548
2161
2538
1734
2267
2777
2348
2253
2593
2000
2587
2406
2777
2715
1493
2626
1418
1638
2428
2300
1299
2595
2886
1690
2611
2204
1641
2634
2746
2572
2824
2618
2679
2216
1499
2822
2219
2841
2277
2835
1904
2322
2880
2526
2536
2663
2780
2840
2499
2005
1260
2537
2230
2424
2209
2426
2633
1676
2487
2768
2253
2236
2380
2214
2261
2512
2608
2112
1848
2788
2495
2541
2826
2632
2224
1813
2611
1866
2579
2213
2726
2448
2790
2270
1986
2109
1630
1761
2482
2753
2534
2546
1695
1907
2784
2076
2829
2691
1305
2781
1515
2765
2556
2070
2511
2325
1793
2699
2306
2513
2857
2318
2562
2519
2800
2826
2468
2753
2431
1627
2331
2747
2417
2862
2723
2447
2360
1572
2628
2542
1276
1504
2669
2871
1828
2797
1869
2118
1754
1293
2371
2483
1611
2669
2395
2796
2001
2762
2167
2027
2618
2247
2546
1894
2518
2738
2050
2701
2344
2612
2076
2589
2410
2843
2029
2502
2443
1700
2593
1299
2580
1718
2601
2553
2699
2320
2871
2321
2377
2784
2707
2460
2627
2482
1830
2355
2367
2375
2402
2001
2531
2587
2876
1935
2252
2856
2827
2716
2800
2056
2790
2390
2611
2658
1829
2448
2431
2299
2381
2382
2424
2831
2590
2660
2672
2575
2242
2878
2118
1868
2689
2368
1782
2728
2626
2523
1331
2606
2873
2435
2705
2248
1719
2716
1286
2592
2054
2455
1562
2232
1937
2537
2803
1907
2105
2782
2558
2848
2812
2448
2867
2684
2608
2703
1980
2866
1858
2587
2523
2534
2353
2737
2289
2686
2552
2291
1527
2563
1873
2757
1759
2799
2585
2346
2305
2251
1809
1453
2866
2592
1500
2814
1914
2368
1512
2525
1592
2246
2797
2461
2220
1920
1247
2634
1641
2914
1845
2728
2675
2092
2770
2175
1416
2804
2589
2469
2789
2694
2396
1553
1670
2733
2690
1852
2705
1861
1345
1854
1852
2573
1764
2608
1521
2718
1426
1310
2231
2771
2086
2625
2418
2320
1267
2379
2752
2310
2485
2601
2232
1631
1282
1810
2582
2584
2617
2874
2680
2638
2803
2581
2462
2328
1670
2593
1578
2168
1265
2302
2768
2619
2554
2611
2383
2250
2430
1570
2377
2218
1684
2587
2532
1285
2240
2118
2433
2103
2751
2882
2124
2726
1500
2825
2724
2573
2576
2477
1963
1859
1713
2504
1688
1947
2243
2525
2807
2945
2055
2326
1341
1904
2240
1346
1316
2365
2808
2847
2825
2515
2547
2612
1764
2613
2006
2837
2142
1329
2660
2073
2140
2789
2626
2741
2810
2473
2041
1949
2666
2825
2736
2095
1701
2648
2420
2823
1520
2459
2846
2175
2286
2542
2425
2851
2799
2222
2277
2192
2314
2527
2867
1272
2591
2660
2240
2670
2859
2322
2570
2874
1755
2675
1519
2357
2376
2397
1515
2739
1941
2189
2743
2068
1490
1861
2798
2247
1484
2257
2234
2333
2780
2643
2456
1551
2871
2812
1942
1684
1793
2666
2068
2222
2606
2634
2714
1681
2536
2793
2663
2374
2481
2716
2141
2751
1748
1803
2636
2613
2635
2509
2823
2300
2008
2284
1672
2347
2118
1265
2667
2728
